345873
345874
345875
346343
346344
346345
410155
413008
410156
410157
410218
410219
410220
410276
410277
410278
410397
410398
410399
364250
364253
364254
364255
364283
364284
364285
364286
364287
363355
363356
363357
363358
363359
363360
363489
410470
410389
364100
364101
364102
364103
364104
364105
364106
364107
364108
364109
364110
364111
364112
364113
364114
364115
364116
364117
364118
364119
364120
364121
364122
364123
364124
364125
364126
364127
364128
364129
364130
364131
364132
364133
364134
364135
364136
364137
364138
364139
364140
364141
410470
410472
410389
364198
364199
364200
364201
364202
364203
364204
364205
364206
364207
364208
364209
364210
364211
364212
364213
364214
364215
410658
410659
410644
410645
410646
410647
410648
410649
304014
410080
410081
410408
364242
364243
364244
364245
364246
364247
364248
364249
342284
341998
